[gd_scene format=3 uid="uid://bb762xwdu003v"]

[ext_resource type="Texture2D" uid="uid://bxu1icr1sw4t7" path="res://Assets/Textures/PNG/Dark/texture_09.png" id="1_mh7mo"]
[ext_resource type="PackedScene" uid="uid://n1bmpmajeq05" path="res://Scenes/Player/player.tscn" id="2_mh7mo"]
[ext_resource type="Texture2D" uid="uid://bl2rf63vix10r" path="res://Assets/Textures/PNG/Dark/texture_08.png" id="3_mh7mo"]

[sub_resource type="ProceduralSkyMaterial" id="ProceduralSkyMaterial_fj7yv"]
sky_horizon_color = Color(0.662243, 0.671743, 0.686743, 1)
ground_horizon_color = Color(0.662243, 0.671743, 0.686743, 1)

[sub_resource type="Sky" id="Sky_tlwt5"]
sky_material = SubResource("ProceduralSkyMaterial_fj7yv")

[sub_resource type="Environment" id="Environment_aqk2v"]
background_mode = 2
sky = SubResource("Sky_tlwt5")
tonemap_mode = 2
glow_enabled = true

[sub_resource type="StandardMaterial3D" id="StandardMaterial3D_fvyv6"]
albedo_texture = ExtResource("1_mh7mo")
uv1_triplanar = true

[sub_resource type="PlaneMesh" id="PlaneMesh_dd5v6"]
size = Vector2(100, 100)

[sub_resource type="ConvexPolygonShape3D" id="ConvexPolygonShape3D_mh7mo"]
points = PackedVector3Array(-50, 0, -50, -50, 0, 50, 50, 0, -50, 50, 0, 50)

[sub_resource type="StandardMaterial3D" id="StandardMaterial3D_e35u1"]
albedo_texture = ExtResource("3_mh7mo")
uv1_scale = Vector3(10, 10, 10)

[sub_resource type="BoxMesh" id="BoxMesh_lrwwn"]
material = SubResource("StandardMaterial3D_e35u1")

[sub_resource type="ConvexPolygonShape3D" id="ConvexPolygonShape3D_lrwwn"]
points = PackedVector3Array(0.5, 0.5, 0.5, 0.5, 0.5, -0.5, -0.5, 0.5, 0.5, 0.5, -0.5, 0.5, 0.5, -0.5, -0.5, -0.5, 0.5, -0.5, -0.5, -0.5, 0.5, -0.5, -0.5, -0.5)

[node name="World" type="Node3D" unique_id=1035094638]

[node name="DirectionalLight3D" type="DirectionalLight3D" parent="." unique_id=769725515]
transform = Transform3D(-0.866023, -0.433016, 0.250001, 0, 0.499998, 0.866027, -0.500003, 0.749999, -0.43301, 0, 0, 0)
shadow_enabled = true

[node name="WorldEnvironment" type="WorldEnvironment" parent="." unique_id=2042201511]
environment = SubResource("Environment_aqk2v")

[node name="MeshInstance3D" type="MeshInstance3D" parent="." unique_id=1129052329]
transform = Transform3D(1, 0, 0, 0, 1, 0, 0, 0, 1, 0.0036063194, -0.019005775, -0.01725483)
material_override = SubResource("StandardMaterial3D_fvyv6")
mesh = SubResource("PlaneMesh_dd5v6")

[node name="StaticBody3D" type="StaticBody3D" parent="MeshInstance3D" unique_id=931092664]

[node name="CollisionShape3D" type="CollisionShape3D" parent="MeshInstance3D/StaticBody3D" unique_id=221910183]
shape = SubResource("ConvexPolygonShape3D_mh7mo")

[node name="CSGCombiner3D" type="CSGCombiner3D" parent="." unique_id=1933784035]
use_collision = true

[node name="CSGBox3D" type="CSGBox3D" parent="CSGCombiner3D" unique_id=561819892]
transform = Transform3D(-4.3711385e-08, 0, -0.99999994, 0, 1, 0, 0.99999994, 0, -4.3711385e-08, -5.637, 0.5, -6.369)
size = Vector3(1, 1, 5.058)

[node name="CSGBox3D11" type="CSGBox3D" parent="CSGCombiner3D" unique_id=650168365]
transform = Transform3D(-4.3711385e-08, 0, -0.99999994, 0, 1, 0, 0.99999994, 0, -4.3711385e-08, -12.913521, 11.166668, -22.624464)
size = Vector3(4.6471863, 1, 9.11948)

[node name="CSGBox3D5" type="CSGBox3D" parent="CSGCombiner3D" unique_id=2102947863]
transform = Transform3D(-4.371138e-08, 0, -0.9999999, 0.44440064, 0.8958281, -1.9425368e-08, 0.895828, -0.44440064, -3.9157886e-08, -0.17461729, 2.0085258, 12.721204)
size = Vector3(10.874878, 0.4501953, 5.058)

[node name="CSGBox3D8" type="CSGBox3D" parent="CSGCombiner3D" unique_id=2068647585]
transform = Transform3D(-0.8955981, 0.44428658, -0.022652408, 0.4444007, 0.89582825, -2.0236804e-08, 0.020292656, -0.0100667635, -0.99974334, -16.764938, 2.0085258, 15.464742)
size = Vector3(10.874878, 0.4501953, 5.058)

[node name="CSGBox3D9" type="CSGBox3D" parent="CSGCombiner3D" unique_id=123440462]
transform = Transform3D(0.89530605, -0.44414172, -0.03413192, 0.4444007, 0.89582825, -2.0236804e-08, 0.030576348, -0.015168233, 0.9994173, -16.764938, 2.0085258, 5.7287903)
size = Vector3(10.874878, 0.4501953, 5.058)

[node name="CSGBox3D7" type="CSGBox3D" parent="CSGCombiner3D" unique_id=1473045432]
transform = Transform3D(-4.3711378e-08, 1.2482195e-17, -0.9999999, 0.24456283, 0.96963346, -1.0690181e-08, 0.96963334, -0.24456282, -4.2384016e-08, -5.840965, 0.94220066, 12.715435)
size = Vector3(10.874878, 0.4501953, 5.058)

[node name="CSGBox3D6" type="CSGBox3D" parent="CSGCombiner3D" unique_id=62258697]
transform = Transform3D(-4.3711378e-08, 1.2482195e-17, -0.9999999, 0.58806753, 0.8088117, -2.570525e-08, 0.8088116, -0.5880676, -3.535428e-08, 5.3949237, 1.9895201, 12.715435)
size = Vector3(10.874878, 0.4501953, 5.058)

[node name="CSGBox3D2" type="CSGBox3D" parent="CSGCombiner3D" unique_id=1986525026]
transform = Transform3D(-4.3711385e-08, 0, -0.99999994, 0, 1, 0, 0.99999994, 0, -4.3711385e-08, -0.102, 2.5, -6.369)
size = Vector3(1, 1, 5.058)

[node name="CSGBox3D4" type="CSGBox3D" parent="CSGCombiner3D" unique_id=611066450]
transform = Transform3D(-4.3711385e-08, 0, -0.99999994, 0, 1, 0, 0.99999994, 0, -4.3711385e-08, 0, 2.4, -10)
size = Vector3(1, 1, 5.058)

[node name="CSGBox3D3" type="CSGBox3D" parent="CSGCombiner3D" unique_id=848354342]
transform = Transform3D(-4.3711385e-08, 0, -0.99999994, 0, 1, 0, 0.99999994, 0, -4.3711385e-08, 5.846, 1.5, -6.369)
size = Vector3(1, 1, 5)

[node name="Player" parent="." unique_id=1139482985 node_paths=PackedStringArray("low_climbing_rays_array", "high_climbing_rays_array") instance=ExtResource("2_mh7mo")]
transform = Transform3D(1, 0, 0, 0, 1, 0, 0, 0, 1, 9.126, 0, -17.009)
low_climbing_rays_array = []
high_climbing_rays_array = []

[node name="MeshInstance3D3" type="MeshInstance3D" parent="." unique_id=807724111]
transform = Transform3D(8.255596, 0, 0, 0, 15.541312, -0.3139759, 0, 5.1394973, 0.94943094, 9.463547, 6.73353, -22.629328)
layers = 16
mesh = SubResource("BoxMesh_lrwwn")

[node name="StaticBody3D" type="StaticBody3D" parent="MeshInstance3D3" unique_id=972164517]
collision_layer = 17

[node name="CollisionShape3D" type="CollisionShape3D" parent="MeshInstance3D3/StaticBody3D" unique_id=687752109]
shape = SubResource("ConvexPolygonShape3D_lrwwn")

[node name="MeshInstance3D7" type="MeshInstance3D" parent="." unique_id=999663571]
transform = Transform3D(7.973584, 1.331846, 0.24603492, 0, 15.541312, -0.3139759, -2.13935, 4.963931, 0.9169983, 29.946327, 6.73353, -22.629328)
layers = 16
mesh = SubResource("BoxMesh_lrwwn")

[node name="StaticBody3D" type="StaticBody3D" parent="MeshInstance3D7" unique_id=995173575]
collision_layer = 17

[node name="CollisionShape3D" type="CollisionShape3D" parent="MeshInstance3D7/StaticBody3D" unique_id=728626992]
shape = SubResource("ConvexPolygonShape3D_lrwwn")

[node name="MeshInstance3D5" type="MeshInstance3D" parent="." unique_id=1396865684]
transform = Transform3D(8.255596, 0, 0, 0, 11.541916, -0.7091033, 0, 11.60737, 0.7051047, 17.77776, 5.4912715, -19.54583)
layers = 16
mesh = SubResource("BoxMesh_lrwwn")

[node name="StaticBody3D" type="StaticBody3D" parent="MeshInstance3D5" unique_id=202510884]
collision_layer = 17

[node name="CollisionShape3D" type="CollisionShape3D" parent="MeshInstance3D5/StaticBody3D" unique_id=1760102065]
shape = SubResource("ConvexPolygonShape3D_lrwwn")

[node name="MeshInstance3D4" type="MeshInstance3D" parent="." unique_id=1642804214]
transform = Transform3D(18.351645, 0, 0, 0, 16.369081, 0, 0, 0, 1, -7.5290985, 6.73353, -25.10131)
layers = 16
mesh = SubResource("BoxMesh_lrwwn")

[node name="StaticBody3D" type="StaticBody3D" parent="MeshInstance3D4" unique_id=1931478446]
collision_layer = 17

[node name="CollisionShape3D" type="CollisionShape3D" parent="MeshInstance3D4/StaticBody3D" unique_id=1992482847]
shape = SubResource("ConvexPolygonShape3D_lrwwn")

[node name="MeshInstance3D6" type="MeshInstance3D" parent="." unique_id=1640218016]
transform = Transform3D(6.2895536, 0, 0, 0, 16.369081, 0, 0, 0, -4.83645, -15.726604, 6.73353, -12.031464)
layers = 16
mesh = SubResource("BoxMesh_lrwwn")

[node name="StaticBody3D" type="StaticBody3D" parent="MeshInstance3D6" unique_id=1931396278]
collision_layer = 17

[node name="CollisionShape3D" type="CollisionShape3D" parent="MeshInstance3D6/StaticBody3D" unique_id=413064052]
shape = SubResource("ConvexPolygonShape3D_lrwwn")

[node name="MeshInstance3D8" type="MeshInstance3D" parent="." unique_id=1202970552]
transform = Transform3D(5.8270383, 0, -1.8203719, 0, 16.369081, 0, -2.3672996, 0, -4.480792, -10.559064, 6.73353, -13.010214)
layers = 16
mesh = SubResource("BoxMesh_lrwwn")

[node name="StaticBody3D" type="StaticBody3D" parent="MeshInstance3D8" unique_id=1991116817]
collision_layer = 17

[node name="CollisionShape3D" type="CollisionShape3D" parent="MeshInstance3D8/StaticBody3D" unique_id=1871662066]
shape = SubResource("ConvexPolygonShape3D_lrwwn")

[node name="Second Camera" type="Camera3D" parent="." unique_id=762271007]
transform = Transform3D(0.7071068, 0.35355338, -0.61237246, 0, 0.8660254, 0.50000006, 0.7071068, -0.35355338, 0.61237246, -10.578384, 5.781781, 9.343953)
